
atomicMass:  # kg/kmol
    Ni: 58.6934
    Mn: 54.938044
    Co: 58.933195

